ID, Mean, SD, Modal, Median, Kurtosis, Skewness,
HDisc_01_11 Neocortex 01c.tif , 78.8051 , 48.0084 , 52 , 72 , 0.1928 , 0.6877
HDisc_01_11 Neocortex 2c.tif , 79.4588 , 49.0694 , 57 , 72 , 0.2201 , 0.7342
HDisc_01_11 Neocortex 3c.tif , 79.246 , 48.648 , 48 , 72 , 0.09645 , 0.6573
HDisc_01_11 Neocortex 4c.tif , 83.636 , 49.8806 , 52 , 80 , -0.1841 , 0.5215
HDisc_01_11 Neocortex 5c.tif , 72.931 , 42.9089 , 57 , 65 , 1.1128 , 0.9028
Hdisc_01_12 Neocortex 01c.tif , 81.6403 , 47.6198 , 78 , 78 , 0.006416 , 0.51
Hdisc_01_14 Neocortex 1c.tif , 92.8643 , 50.2287 , 86 , 90 , -0.2795 , 0.3427
HDisc_02_04 Neocortex 01c.tif , 72.9752 , 46.1215 , 47 , 66 , 0.4515 , 0.7352
HDisc_07_14 Neocortex 01c.tif , 97.5721 , 48.2273 , 100 , 96 , -0.2795 , 0.217
HDisc_07_14 Neocortex 2c.tif , 92.8069 , 46.6795 , 91 , 91 , -0.1081 , 0.2884
HDisc_07_14 Neocortex 3c.tif , 97.8123 , 48.9589 , 104 , 98 , -0.3499 , 0.1969
HDisc_07_14 Neocortex 4c.tif , 93.9463 , 46.1703 , 98 , 95 , -0.1883 , 0.2046
HDisc_07_14 Neocortex 5c.tif , 88.5717 , 48.9443 , 77 , 83 , -0.06056 , 0.489
HDisc_07_23 Neocortex 1c.tif , 97.7909 , 50.0058 , 96 , 96 , -0.3983 , 0.2404
HDisc_07_23 Neocortex 2c.tif , 92.93 , 49.0223 , 88 , 92 , -0.25 , 0.3476
HDisc_07_23 Neocortex 3c.tif , 89.9835 , 47.3678 , 85 , 89 , -0.1441 , 0.3863
HDisc_07_23 Neocortex 4c.tif , 96.9583 , 50.2892 , 92 , 96 , -0.3897 , 0.2756
Par_32_R18 05.01.01c.tif , 63.6675 , 37.4617 , 51 , 57 , 2.5289 , 1.1479
Par_32_R18 05.01.02c.tif , 66.9993 , 38.6782 , 55 , 62 , 2.0103 , 1.0253
Par_32_R18 05.01.03c.tif , 68.7502 , 40.056 , 58 , 65 , 1.775 , 1.0119
Par_32_R18 05.01.04c.tif , 72.0759 , 40.853 , 58 , 69 , 1.4295 , 0.9134
Par_32_R18 05.01.05c.tif , 70.8274 , 38.8828 , 57 , 70 , 1.6751 , 0.8964
Par_32_R18 05.01.06c.tif , 79.139 , 40.5095 , 70 , 79 , 0.7428 , 0.5756
Par_32_R18 05.02.07c.tif , 63.1831 , 36.718 , 51 , 57 , 2.7175 , 1.1504
Par_32_R18 05.02.08c.tif , 69.4604 , 39.4296 , 55 , 63 , 1.7634 , 0.9516
Par_32_R18 05.02.09c.tif , 62.3619 , 35.8395 , 51 , 56 , 2.9376 , 1.17
Par_32_R18 05.02.10c.tif , 70.8433 , 38.9265 , 63 , 63 , 1.5499 , 0.8876
Par_32_R18 05.02.11c.tif , 67.6847 , 36.9333 , 62 , 62 , 2.0048 , 0.9284
Par_32_R18 05.02.12c.tif , 71.5963 , 41.2221 , 55 , 68 , 1.2527 , 0.8942
PAR_32_R19 05.01.01c.tif , 62.5116 , 36.068 , 51 , 58 , 2.9073 , 1.1824
PAR_32_R19 05.01.02c.tif , 66.2202 , 36.8177 , 57 , 61 , 2.3972 , 1.0482
PAR_32_R19 05.01.03c.tif , 63.6618 , 36.0531 , 53 , 59 , 2.8442 , 1.1274
PAR_32_R19 05.01.04c.tif , 66.0809 , 37.4054 , 53 , 63 , 2.6467 , 1.1399
PAR_32_R19 05.01.05c.tif , 70.4562 , 37.9636 , 63 , 69 , 1.9425 , 0.9283
PAR_32_R19 05.01.06c.tif , 70.0061 , 37.606 , 65 , 65 , 1.9236 , 0.9168
PAR_32_R19 05.02.07c.tif , 66.6574 , 38.5332 , 52 , 62 , 2.2226 , 1.1012
PAR_32_R19 05.02.08c.tif , 61.2602 , 37.7875 , 45 , 54 , 2.9692 , 1.3153
PAR_32_R19 05.02.09c.tif , 66.9649 , 41.2616 , 49 , 62 , 1.9341 , 1.1514
PAR_32_R19 05.02.10c.tif , 56.066 , 35.3683 , 43 , 52 , 4.5845 , 1.5788
PAR_32_R19 05.02.11c.tif , 73.1241 , 42.1428 , 56 , 66 , 1.2029 , 0.8863
Par_32_R5 05.01.01c.tif , 72.817 , 40.7144 , 58 , 68 , 1.3289 , 0.839
Par_32_R5 05.01.02c.tif , 64.4506 , 38.5221 , 54 , 63 , 2.4412 , 1.1603
Par_32_R5 05.01.03c.tif , 76.3612 , 41.032 , 69 , 69 , 1.1443 , 0.7302
Par_32_R5 05.02.01c.tif , 60.6513 , 36.3737 , 45 , 52 , 2.9581 , 1.2343
Par_32_R5 05.02.04c.tif , 75.2524 , 40.6786 , 66 , 66 , 1.2027 , 0.7703
Par_32_R5 05.02.05c.tif , 77.5537 , 41.9346 , 69 , 69 , 0.8714 , 0.6943
Par_32_R5 05.02.06c.tif , 66.1376 , 41.2717 , 49 , 57 , 1.8332 , 1.1129
Par_32_R5 05.02.07c.tif , 77.22 , 42.1866 , 63 , 76 , 0.9752 , 0.7118
Par_32_R5 05.02.08c.tif , 77.3017 , 44.2398 , 57 , 74 , 0.5506 , 0.7097
PAR_32_R6 05.01.01c.tif , 73.7424 , 39.2892 , 66 , 66 , 1.2378 , 0.7415
PAR_32_R6 05.01.02c.tif , 75.7504 , 40.6741 , 69 , 69 , 1.0754 , 0.7153
PAR_32_R6 05.01.03c.tif , 68.7551 , 39.7176 , 56 , 62 , 1.8848 , 1.0386
PAR_32_R6 05.01.04c.tif , 64.5708 , 35.8884 , 53 , 60 , 2.6866 , 1.0788
PAR_32_R6 05.01.05c.tif , 63.7358 , 36.0726 , 52 , 57 , 2.7111 , 1.106
PAR_32_R6 05.01.06c.tif , 56.4626 , 34.1907 , 44 , 51 , 4.5807 , 1.4974
PAR_32_R6 05.01.07c.tif , 62.7938 , 36.2865 , 52 , 58 , 2.9196 , 1.1838
PAR_32_R6 05.02.010c.tif , 69.882 , 40.2209 , 55 , 62 , 1.7703 , 1.0071
PAR_32_R6 05.02.011c.tif , 55.6293 , 35.4296 , 44 , 49 , 4.1176 , 1.5166
PAR_32_R6 05.02.012c.tif , 63.8483 , 37.8364 , 49 , 55 , 2.5786 , 1.1786
PAR_32_R6 05.02.013c.tif , 60.8552 , 37.2154 , 49 , 55 , 3.1545 , 1.3115
PAR_32_R6 05.02.08c.tif , 66.8552 , 37.8901 , 55 , 63 , 1.9709 , 0.9794
PAR_32_R6 05.02.09c.tif , 69.882 , 40.2209 , 55 , 62 , 1.7703 , 1.0071
PAR_32_R7 05.01.01c.tif , 71.814 , 38.5794 , 62 , 68 , 1.4307 , 0.8016
PAR_32_R7 05.01.02c.tif , 66.7374 , 39.472 , 49 , 60 , 1.9155 , 1.0557
PAR_32_R7 05.01.03c.tif , 80.375 , 42.3928 , 71 , 76 , 0.6221 , 0.617
PAR_32_R7 05.01.04c.tif , 72.2809 , 40.4063 , 62 , 66 , 1.2528 , 0.8352
PAR_32_R7 05.01.05c.tif , 75.9261 , 39.9185 , 68 , 68 , 0.9308 , 0.6496
PAR_32_R7 05.02.06c.tif , 70.4192 , 39.8449 , 56 , 68 , 1.5759 , 0.9306
PAR_32_R7 05.02.07c.tif , 74.411 , 40.3103 , 65 , 71 , 1.2193 , 0.7838
PAR_32_R7 05.02.08c.tif , 60.4034 , 35.0021 , 48 , 54 , 3.0783 , 1.1796
PAR_32_R7 05.02.09c.tif , 71.122 , 41.3013 , 55 , 64 , 1.4967 , 0.9719
PAR_32_R7 05.02.10c.tif , 66.836 , 37.7756 , 58 , 65 , 2.2434 , 1.0447
PAR_32_R7 05.02.11c.tif , 71.2181 , 39.6216 , 60 , 67 , 1.3243 , 0.8408
RMS_04 00.01.01a.tif , 45.5903 , 34.025 , 29 , 37 , 6.6953 , 2.0695
RMS_04 00.01.02a.tif , 54.3872 , 35.7663 , 36 , 48 , 3.8245 , 1.4954
RMS_04 00.01.03a.tif , 56.4051 , 41.8956 , 30 , 46 , 2.4841 , 1.4025
RMS_04 00.02.04a.tif , 58.713 , 34.7009 , 51 , 51 , 3.7554 , 1.3133
RMS_04 00.02.05a.tif , 55.7379 , 35.2141 , 40 , 53 , 4.0673 , 1.4701
RMS_04 00.02.06a.tif , 58.6799 , 41.9267 , 34 , 50 , 2.0709 , 1.2814
RMS_04 01.01.01a.tif , 47.5173 , 32.7727 , 37 , 41 , 6.4201 , 1.8887
RMS_04 01.01.02a.tif , 59.1792 , 37.7181 , 44 , 51 , 2.8242 , 1.2911
RMS_04 01.01.03a.tif , 57.3803 , 42.2175 , 29 , 48 , 2.3433 , 1.3656
RMS_04 01.02.04a.tif , 60.6339 , 35.622 , 51 , 58 , 3.1896 , 1.2244
RMS_04 01.02.05a.tif , 59.9876 , 36.3571 , 49 , 56 , 3.1452 , 1.2819
RMS_04 01.02.06a.tif , 56.3393 , 40.5584 , 31 , 47 , 2.6034 , 1.3862
RMS_04 02.01.01a.tif , 52.3709 , 33.6174 , 40 , 45 , 4.9768 , 1.6153
RMS_04 02.01.01b.tif , 64.1073 , 37.1319 , 52 , 60 , 2.3953 , 1.0864
RMS_04 02.01.02a.tif , 59.0081 , 37.3173 , 46 , 53 , 2.9943 , 1.3046
RMS_04 02.01.02b.tif , 64.5061 , 38.9906 , 49 , 56 , 2.2233 , 1.1392
RMS_04 02.01.03a.tif , 58.5091 , 42.2988 , 34 , 47 , 2.3279 , 1.356
RMS_04 02.01.03b.tif , 60.7588 , 36.5228 , 49 , 56 , 3.0389 , 1.2571
RMS_04 02.01.04b.tif , 50.6364 , 33.8502 , 35 , 45 , 5.6582 , 1.781
RMS_04 02.01.05b.tif , 62.1003 , 36.9529 , 52 , 60 , 2.9057 , 1.2225
RMS_04 02.01.06b.tif , 62.6495 , 37.8565 , 52 , 58 , 2.5187 , 1.185
RMS_04 02.02.04a.tif , 61.308 , 35.4955 , 51 , 58 , 3.0044 , 1.1711
RMS_04 02.02.05a.tif , 59.1031 , 36.3827 , 48 , 55 , 3.2277 , 1.3046
RMS_04 02.02.06a.tif , 57.8211 , 41.0894 , 33 , 49 , 2.3341 , 1.3282
RMS_04 02.02.07b.tif , 57.0145 , 37.3703 , 41 , 52 , 3.4452 , 1.4352
RMS_04 02.02.08b.tif , 57.0217 , 37.4461 , 37 , 47 , 2.9597 , 1.3563
RMS_04 02.02.09b.tif , 57.8211 , 41.0894 , 33 , 49 , 2.3341 , 1.3282
RMS_04 03.01.01a.tif , 54.7289 , 36.0964 , 38 , 48 , 3.1247 , 1.2675
RMS_04 03.01.01b.tif , 68.6751 , 41.5759 , 52 , 65 , 1.1261 , 0.8285
RMS_04 03.01.02a.tif , 66.1192 , 40.8177 , 51 , 63 , 1.5577 , 0.9619
RMS_04 03.01.02b.tif , 67.2129 , 43.2728 , 51 , 62 , 1.1326 , 0.9308
RMS_04 03.01.03a.tif , 60.4672 , 44.6308 , 30 , 50 , 1.6027 , 1.1924
RMS_04 03.01.03b.tif , 67.232 , 40.6684 , 53 , 60 , 1.3861 , 0.8723
RMS_04 03.01.04b.tif , 51.9513 , 35.2938 , 37 , 47 , 4.4033 , 1.543
RMS_04 03.01.05b.tif , 68.5902 , 41.4357 , 60 , 67 , 1.2636 , 0.8582
RMS_04 03.01.06b.tif , 66.3931 , 41.8346 , 53 , 59 , 1.3532 , 0.939
RMS_04 03.02.04a.tif , 66.7486 , 39.5907 , 52 , 65 , 1.24 , 0.8016
RMS_04 03.02.05a.tif , 68.1093 , 41.2071 , 55 , 62 , 1.1989 , 0.8436
RMS_04 03.02.06a.tif , 61.9492 , 43.8748 , 29 , 52 , 1.3321 , 1.0778
RMS_04 03.02.07b.tif , 59.5563 , 39.7257 , 44 , 53 , 2.3042 , 1.1892
RMS_04 03.02.08b.tif , 60.8593 , 40.1767 , 43 , 52 , 1.6755 , 1.059
RMS_04 03.02.09b.tif , 61.9492 , 43.8748 , 29 , 52 , 1.3321 , 1.0778
RMS_04 04.01.01a.tif , 47.4955 , 31.7934 , 36 , 40 , 6.4913 , 1.8367
RMS_04 04.01.01b.tif , 63.9723 , 38.4514 , 52 , 58 , 2.1898 , 1.1052
RMS_04 04.01.02a.tif , 62.4775 , 39.2615 , 48 , 54 , 2.2457 , 1.1901
RMS_04 04.01.02b.tif , 64.8501 , 41.007 , 45 , 58 , 1.9685 , 1.1566
RMS_04 04.01.03a.tif , 58.3852 , 42.5422 , 31 , 48 , 2.3452 , 1.3647
RMS_04 04.01.03b.tif , 58.4568 , 37.181 , 44 , 51 , 3.4414 , 1.3988
RMS_04 04.01.04b.tif , 46.665 , 33.2371 , 35 , 39 , 6.7284 , 1.9887
RMS_04 04.01.05b.tif , 60.0877 , 36.4525 , 45 , 52 , 3.1825 , 1.2918
RMS_04 04.01.06b.tif , 61.446 , 38.0042 , 46 , 57 , 2.6833 , 1.2415
RMS_04 04.02.04a.tif , 62.3387 , 37.3907 , 51 , 57 , 2.6815 , 1.1838
RMS_04 04.02.05a.tif , 59.556 , 36.934 , 45 , 52 , 2.9652 , 1.2748
RMS_04 04.02.06a.tif , 61.6833 , 42.4865 , 35 , 53 , 1.8274 , 1.2012
RMS_04 04.02.07b.tif , 57.4767 , 38.1095 , 39 , 49 , 3.1039 , 1.3898
RMS_04 04.02.08b.tif , 60.2129 , 37.8835 , 45 , 55 , 2.4674 , 1.2245
RMS_04 04.02.09b.tif , 61.6833 , 42.4865 , 35 , 53 , 1.8274 , 1.2012
RMS_19 00.01.01a.tif , 59.2932 , 36.7372 , 46 , 54 , 3.2296 , 1.3133
RMS_19 00.01.02a.tif , 58.2615 , 38.7305 , 42 , 48 , 2.915 , 1.3868
RMS_19 00.01.03a.tif , 58.2839 , 37.0215 , 46 , 52 , 3.2864 , 1.3654
RMS_19 00.02.04a.tif , 54.4848 , 36.6719 , 38 , 44 , 4.0123 , 1.5686
RMS_19 00.02.05a.tif , 62.7458 , 38.8214 , 51 , 58 , 2.5359 , 1.2286
RMS_19 00.02.06a.tif , 47.951 , 36.824 , 30 , 37 , 5.0348 , 1.8571
RMS_19 01.01.01a.tif , 61.0194 , 37.0931 , 46 , 54 , 2.8447 , 1.2222
RMS_19 01.01.02a.tif , 58.0239 , 38.2408 , 40 , 52 , 2.9279 , 1.3659
RMS_19 01.01.03a.tif , 60.388 , 37.807 , 43 , 54 , 2.8109 , 1.2771
RMS_19 01.02.04a.tif , 60.9898 , 39.0311 , 45 , 52 , 2.8079 , 1.3234
RMS_19 01.02.05a.tif , 61.1433 , 38.0559 , 46 , 53 , 2.7143 , 1.2602
RMS_19 01.02.06a.tif , 45.8422 , 35.5293 , 27 , 38 , 5.5619 , 1.9095
RMS_19 02.01.01a.tif , 62.6443 , 38.0077 , 52 , 60 , 2.5614 , 1.1962
RMS_19 02.01.01b.tif , 51.9546 , 37.9873 , 31 , 45 , 4.3564 , 1.7328
RMS_19 02.01.02a.tif , 61.4428 , 38.4048 , 48 , 54 , 2.7038 , 1.2732
RMS_19 02.01.02b.tif , 55.1394 , 34.5839 , 41 , 47 , 3.8832 , 1.3965
RMS_19 02.01.03a.tif , 62.3627 , 38.0194 , 51 , 56 , 2.6864 , 1.228
RMS_19 02.01.03b.tif , 66.6266 , 41.6644 , 49 , 56 , 1.9839 , 1.1691
RMS_19 02.02.04a.tif , 63.0936 , 39.5542 , 45 , 60 , 2.5699 , 1.2657
RMS_19 02.02.04b.tif , 56.8892 , 36.8417 , 41 , 53 , 3.6308 , 1.4419
RMS_19 02.02.05a.tif , 64.839 , 38.9539 , 49 , 56 , 2.2027 , 1.1391
RMS_19 02.02.05b.tif , 66.5998 , 40.272 , 54 , 61 , 2.1523 , 1.1379
RMS_19 02.02.06a.tif , 52.3125 , 37.5744 , 32 , 44 , 4.0326 , 1.6438
RMS_19 02.02.06b.tif , 58.4486 , 37.8065 , 42 , 54 , 3.3857 , 1.427
RMS_19 02.02.07b.tif , 52.3125 , 37.5744 , 32 , 44 , 4.0326 , 1.6438
RMS_19 03.01.01a.tif , 69.2122 , 42.1273 , 52 , 67 , 1.0197 , 0.8122
RMS_19 03.01.01b.tif , 54.967 , 38.7214 , 38 , 47 , 3.187 , 1.4234
RMS_19 03.01.02a.tif , 66.3095 , 42.8411 , 47 , 59 , 1.2217 , 0.9394
RMS_19 03.01.02b.tif , 59.883 , 36.9705 , 44 , 55 , 2.1625 , 1.0237
RMS_19 03.01.03a.tif , 64.6345 , 41.0895 , 47 , 58 , 1.451 , 0.9645
RMS_19 03.01.03b.tif , 70.8092 , 44.1663 , 53 , 67 , 1.0413 , 0.8744
RMS_19 03.02.04a.tif , 67.0866 , 42.8554 , 49 , 63 , 1.2904 , 0.9643
RMS_19 03.02.04b.tif , 62.8628 , 39.9268 , 45 , 56 , 1.769 , 1.0284
RMS_19 03.02.05a.tif , 70.9088 , 43.5192 , 53 , 67 , 0.8891 , 0.8129
RMS_19 03.02.05b.tif , 69.5703 , 43.3179 , 53 , 67 , 1.0515 , 0.8695
RMS_19 03.02.06a.tif , 57.0079 , 40.1649 , 36 , 48 , 2.435 , 1.2937
RMS_19 03.02.06b.tif , 65.18 , 41.9605 , 47 , 59 , 1.578 , 1.0127
RMS_19 03.02.07b.tif , 57.0079 , 40.1649 , 36 , 48 , 2.435 , 1.2937
RMS_19 04.01.01a.tif , 64.7495 , 38.9797 , 54 , 61 , 2.2059 , 1.1193
RMS_19 04.01.01b.tif , 53.0686 , 38.4347 , 34 , 43 , 3.6975 , 1.6034
RMS_19 04.01.02a.tif , 62.1944 , 39.3519 , 46 , 57 , 2.2145 , 1.183
RMS_19 04.01.02b.tif , 62.6572 , 37.986 , 49 , 55 , 2.3759 , 1.1448
RMS_19 04.01.03a.tif , 64.0219 , 39.732 , 49 , 55 , 2.2379 , 1.1791
RMS_19 04.01.03b.tif , 62.3242 , 39.9555 , 46 , 53 , 2.5405 , 1.2859
RMS_19 04.02.04a.tif , 62.9849 , 40.3161 , 43 , 58 , 2.5005 , 1.2782
RMS_19 04.02.04b.tif , 57.5574 , 36.9153 , 39 , 51 , 3.2002 , 1.3658
RMS_19 04.02.05a.tif , 61.8074 , 38.3598 , 45 , 58 , 2.6887 , 1.2537
RMS_19 04.02.05b.tif , 66.1473 , 40.3592 , 49 , 56 , 2.028 , 1.1395
RMS_19 04.02.06a.tif , 56.8203 , 38.9174 , 37 , 50 , 2.9161 , 1.3961
RMS_19 04.02.06b.tif , 62.0341 , 40.0147 , 41 , 53 , 2.4401 , 1.2546
RMS_19 04.02.07b.tif , 56.8203 , 38.9174 , 37 , 50 , 2.9161 , 1.3961
RMS_21 00.01.01a.tif , 56.0259 , 35.6576 , 40 , 53 , 3.814 , 1.4401
RMS_21 00.01.02a.tif , 57.5514 , 36.6489 , 45 , 52 , 3.7599 , 1.4728
RMS_21 00.01.03a.tif , 58.3455 , 38.3931 , 41 , 52 , 3.1271 , 1.4119
RMS_21 00.02.04a.tif , 59.6149 , 37.0091 , 43 , 51 , 3.1941 , 1.3205
RMS_21 00.02.05a.tif , 62.3191 , 38.5079 , 49 , 56 , 2.5386 , 1.2205
RMS_21 00.02.06a.tif , 55.9193 , 36.2558 , 43 , 48 , 3.6593 , 1.447
RMS_21 01.01.01a.tif , 59.9045 , 37.2184 , 46 , 53 , 3.0804 , 1.3017
RMS_21 01.01.02a.tif , 64.3417 , 39.2841 , 51 , 58 , 2.4269 , 1.1809
RMS_21 01.01.03a.tif , 61.1041 , 38.9739 , 46 , 52 , 2.7012 , 1.3024
RMS_21 01.02.04a.tif , 58.5749 , 36.7633 , 46 , 53 , 3.2261 , 1.3438
RMS_21 01.02.05a.tif , 63.5411 , 38.7827 , 48 , 55 , 2.3299 , 1.1502
RMS_21 01.02.06a.tif , 57.4827 , 36.7323 , 42 , 53 , 3.4572 , 1.394
RMS_21 02.01.01a.tif , 61.1563 , 37.3211 , 46 , 53 , 2.7476 , 1.2215
RMS_21 02.01.01b.tif , 62.0424 , 39.4097 , 42 , 54 , 2.2572 , 1.2122
RMS_21 02.01.02a.tif , 66.2457 , 40.0404 , 52 , 60 , 2.1832 , 1.135
RMS_21 02.01.02b.tif , 63.938 , 38.3202 , 47 , 55 , 2.352 , 1.1307
RMS_21 02.01.03a.tif , 61.8483 , 38.7122 , 46 , 57 , 2.5813 , 1.2511
RMS_21 02.01.03b.tif , 66.4024 , 40.9654 , 49 , 62 , 1.8391 , 1.1075
RMS_21 02.01.04b.tif , 49.5075 , 34.6769 , 35 , 43 , 5.3866 , 1.7974
RMS_21 02.02.04a.tif , 61.9359 , 38.0049 , 51 , 58 , 2.8229 , 1.2462
RMS_21 02.02.05a.tif , 65.5583 , 39.6066 , 51 , 58 , 2.059 , 1.101
RMS_21 02.02.05b.tif , 61.3402 , 36.1762 , 54 , 54 , 3.046 , 1.2116
RMS_21 02.02.06a.tif , 59.6678 , 36.9895 , 43 , 54 , 3.2015 , 1.3127
RMS_21 02.02.06b.tif , 52.0733 , 41.9101 , 26 , 40 , 3.0447 , 1.5926
RMS_21 02.02.07b.tif , 54.6858 , 41.2487 , 29 , 46 , 2.8618 , 1.5071
RMS_21 02.02.08b.tif , 59.0764 , 35.7707 , 48 , 55 , 3.5218 , 1.3224
RMS_21 02.02.09b.tif , 57.6371 , 38.2334 , 40 , 52 , 3.4264 , 1.464
RMS_21 02.02.10b.tif , 51.6014 , 32.9197 , 42 , 48 , 5.2323 , 1.6209
RMS_21 03.01.01a.tif , 60.2242 , 37.5085 , 44 , 57 , 2.9591 , 1.287
RMS_21 03.01.01b.tif , 62.6391 , 39.9366 , 46 , 57 , 2.042 , 1.1671
RMS_21 03.01.02a.tif , 63.6528 , 39.3898 , 48 , 55 , 2.3744 , 1.1897
RMS_21 03.01.02b.tif , 67.0773 , 40.5071 , 55 , 63 , 1.8911 , 1.0699
RMS_21 03.01.03a.tif , 64.6475 , 40.7501 , 47 , 58 , 2.0923 , 1.1726
RMS_21 03.01.03b.tif , 64.886 , 39.9811 , 46 , 57 , 1.9743 , 1.1192
RMS_21 03.01.04b.tif , 51.257 , 35.9152 , 35 , 44 , 4.4859 , 1.6623
RMS_21 03.02.04a.tif , 59.1903 , 37.1243 , 44 , 51 , 3.0919 , 1.3086
RMS_21 03.02.05a.tif , 60.0362 , 37.193 , 44 , 57 , 2.6182 , 1.2046
RMS_21 03.02.05b.tif , 57.5852 , 35.4684 , 42 , 49 , 3.5745 , 1.3645
RMS_21 03.02.06a.tif , 57.5977 , 37.1568 , 40 , 50 , 3.3661 , 1.4063
RMS_21 03.02.06b.tif , 52.5152 , 41.4831 , 26 , 41 , 2.9657 , 1.5535
RMS_21 03.02.07b.tif , 59.0616 , 41.7406 , 33 , 48 , 2.3389 , 1.3417
RMS_21 03.02.08b.tif , 57.3128 , 35.6954 , 44 , 51 , 3.6076 , 1.3709
RMS_21 03.02.09b.tif , 58.8806 , 38.968 , 41 , 53 , 3.1532 , 1.4119
RMS_21 03.02.10b.tif , 47.4561 , 31.2214 , 37 , 43 , 6.1237 , 1.733
RMS_21 04.01.01a.tif , 64.7719 , 38.8482 , 52 , 60 , 2.1351 , 1.096
RMS_21 04.01.01b.tif , 62.9644 , 39.9091 , 42 , 54 , 2.0087 , 1.1586
RMS_21 04.01.02a.tif , 63.5494 , 38.8373 , 49 , 56 , 2.461 , 1.196
RMS_21 04.01.02b.tif , 68.5156 , 40.4636 , 57 , 65 , 1.7037 , 1.0144
RMS_21 04.01.03a.tif , 63.3151 , 39.7738 , 44 , 55 , 2.2792 , 1.2011
RMS_21 04.01.03b.tif , 66.1345 , 40.9568 , 49 , 62 , 1.8191 , 1.1053
RMS_21 04.01.04b.tif , 54.4714 , 37.1913 , 38 , 48 , 3.9013 , 1.5667
RMS_21 04.02.04a.tif , 60.4429 , 37.5383 , 49 , 56 , 2.8659 , 1.2704
RMS_21 04.02.05a.tif , 63.4417 , 38.7558 , 51 , 58 , 2.4346 , 1.1718
RMS_21 04.02.05b.tif , 57.6336 , 36.6058 , 43 , 51 , 3.4668 , 1.3901
RMS_21 04.02.06a.tif , 58.8131 , 37.6922 , 45 , 51 , 3.0617 , 1.3401
RMS_21 04.02.06b.tif , 53.5903 , 42.2762 , 27 , 42 , 2.8115 , 1.5429
RMS_21 04.02.07b.tif , 56.9618 , 40.4533 , 35 , 46 , 2.6643 , 1.3942
RMS_21 04.02.08b.tif , 58.0804 , 35.6673 , 46 , 53 , 3.509 , 1.3355
RMS_21 04.02.09b.tif , 56.1445 , 38.0871 , 40 , 46 , 3.5826 , 1.5156
RMS_21 04.02.10b.tif , 49.6774 , 32.6619 , 36 , 42 , 5.4104 , 1.6778
RMS_44 Neocortex 01c.tif , 76.6749 , 46.2872 , 51 , 71 , 0.6979 , 0.8541
RMS_46 00.01.01a.tif , 47.2606 , 31.1064 , 36 , 42 , 7.538 , 1.9779
RMS_46 00.01.02a.tif , 44.9346 , 31.5385 , 32 , 38 , 8.8639 , 2.2505
RMS_46 00.01.03a.tif , 49.7199 , 32.2344 , 37 , 45 , 6.4643 , 1.8124
RMS_46 00.02.04a.tif , 42.0939 , 30.98 , 32 , 35 , 10.9276 , 2.5954
RMS_46 00.02.05a.tif , 47.1748 , 31.5035 , 35 , 42 , 8.1764 , 2.1287
RMS_46 00.02.06a.tif , 58.496 , 35.8843 , 44 , 51 , 3.3109 , 1.3384
RMS_46 01.01.01a.tif , 49.9159 , 32.1851 , 37 , 45 , 6.0141 , 1.7713
RMS_46 01.01.02a.tif , 53.3108 , 34.0375 , 40 , 46 , 4.8809 , 1.6339
RMS_46 01.01.03a.tif , 60.3148 , 36.9175 , 46 , 55 , 2.9308 , 1.2651
RMS_46 01.02.04a.tif , 47.1503 , 32.0934 , 35 , 41 , 7.6303 , 2.0614
RMS_46 01.02.05a.tif , 48.7514 , 31.5858 , 39 , 42 , 7.6557 , 2.0115
RMS_46 01.02.06a.tif , 63.8113 , 38.7263 , 46 , 56 , 2.2011 , 1.1591
RMS_46 02.01.01a.tif , 52.7631 , 32.5326 , 43 , 46 , 5.2254 , 1.5874
RMS_46 02.01.01b.tif , 52.063 , 32.7002 , 43 , 46 , 5.9212 , 1.7593
RMS_46 02.01.02a.tif , 53.4974 , 33.6063 , 41 , 48 , 5.0767 , 1.635
RMS_46 02.01.02b.tif , 52.0121 , 33.3782 , 41 , 45 , 5.7983 , 1.7649
RMS_46 02.01.03a.tif , 62.5522 , 37.4959 , 47 , 56 , 2.4095 , 1.1453
RMS_46 02.01.03b.tif , 56.0441 , 36.119 , 41 , 49 , 3.9134 , 1.5295
RMS_46 02.01.04b.tif , 54.7794 , 35.6548 , 39 , 46 , 4.2456 , 1.589
RMS_46 02.02.04a.tif , 48.6951 , 32.1162 , 37 , 44 , 7.3441 , 1.9893
RMS_46 02.02.05a.tif , 48.3458 , 31.082 , 36 , 43 , 7.6606 , 1.9812
RMS_46 02.02.05b.tif , 59.9296 , 35.973 , 45 , 55 , 2.7983 , 1.213
RMS_46 02.02.06a.tif , 63.6812 , 37.4832 , 51 , 59 , 2.3528 , 1.1453
RMS_46 02.02.06b.tif , 71.9029 , 43.0257 , 54 , 65 , 1.2639 , 0.9848
RMS_46 02.02.07b.tif , 72.6882 , 42.162 , 59 , 68 , 1.35 , 0.9649
RMS_46 02.02.08b.tif , 73.8658 , 41.6066 , 59 , 68 , 1.2306 , 0.8869
RMS_46 03.01.01a.tif , 56.2875 , 34.5638 , 43 , 52 , 4.0058 , 1.4243
RMS_46 03.01.01b.tif , 55.8962 , 35.9399 , 43 , 50 , 4.0991 , 1.5511
RMS_46 03.01.02a.tif , 56.0322 , 36.6073 , 41 , 51 , 3.8933 , 1.5302
RMS_46 03.01.02b.tif , 51.6665 , 34.19 , 39 , 45 , 5.7205 , 1.795
RMS_46 03.01.03a.tif , 70.4221 , 43.8231 , 53 , 63 , 1.0672 , 0.9379
RMS_46 03.01.03b.tif , 58.0241 , 37.1093 , 44 , 51 , 3.3934 , 1.4349
RMS_46 03.01.04b.tif , 55.5856 , 36.415 , 41 , 48 , 3.9498 , 1.5518
RMS_46 03.02.04a.tif , 52.6216 , 34.2519 , 38 , 48 , 5.1466 , 1.7008
RMS_46 03.02.05a.tif , 49.1451 , 31.606 , 40 , 43 , 7.1391 , 1.9297
RMS_46 03.02.05b.tif , 56.6419 , 35.3937 , 39 , 51 , 3.7205 , 1.4191
RMS_46 03.02.06a.tif , 64.3459 , 39.091 , 47 , 57 , 2.229 , 1.1638
RMS_46 03.02.06b.tif , 68.4927 , 42.1957 , 50 , 61 , 1.5275 , 1.0613
RMS_46 03.02.07b.tif , 68.4871 , 41.5217 , 50 , 61 , 1.6207 , 1.0706
RMS_46 03.02.08b.tif , 71.6802 , 40.9917 , 57 , 65 , 1.4078 , 0.9308
RMS_46 04.01.01a.tif , 56.367 , 34.6518 , 44 , 50 , 3.9282 , 1.4076
RMS_46 04.01.01b.tif , 61.8293 , 38.9452 , 45 , 55 , 2.7454 , 1.3208
RMS_46 04.01.02a.tif , 59.0019 , 38.2719 , 42 , 52 , 3.2602 , 1.4423
RMS_46 04.01.02b.tif , 50.335 , 33.4567 , 39 , 43 , 5.9258 , 1.8293
RMS_46 04.01.03a.tif , 74.0402 , 45.1174 , 58 , 69 , 0.7457 , 0.8268
RMS_46 04.01.03b.tif , 64.188 , 38.9895 , 48 , 56 , 2.2431 , 1.1771
RMS_46 04.01.04b.tif , 62.8682 , 38.6867 , 46 , 57 , 2.5518 , 1.2458
RMS_46 04.02.04a.tif , 53.7296 , 34.5539 , 38 , 48 , 4.9076 , 1.6528
RMS_46 04.02.05a.tif , 49.7937 , 32.3053 , 39 , 46 , 6.6823 , 1.8763
RMS_46 04.02.05b.tif , 58.8823 , 36.6054 , 46 , 52 , 3.2953 , 1.3483
RMS_46 04.02.06a.tif , 65.6777 , 39.1757 , 53 , 60 , 2.2012 , 1.1381
RMS_46 04.02.06b.tif , 65.78 , 40.6021 , 47 , 57 , 2.0421 , 1.1687
RMS_46 04.02.07b.tif , 68.0246 , 40.9984 , 49 , 60 , 1.812 , 1.1085
RMS_46 04.02.08b.tif , 71.2308 , 40.6068 , 57 , 64 , 1.5843 , 0.9642
RMS_46 Neocortex 01c.tif , 83.5744 , 44.8182 , 77 , 80 , 0.2475 , 0.5065
RMS_47 00.01.01a.tif , 53.8035 , 33.655 , 40 , 47 , 4.964 , 1.5898
RMS_47 00.01.02a.tif , 46.3561 , 37.3448 , 29 , 38 , 6.242 , 2.1472
RMS_47 00.01.03a.tif , 54.3621 , 35.2673 , 37 , 48 , 3.7892 , 1.4212
RMS_47 00.02.04a.tif , 48.5297 , 33.357 , 35 , 42 , 6.6759 , 1.9876
RMS_47 00.02.05a.tif , 50.6021 , 34.3425 , 36 , 43 , 5.1121 , 1.7237
RMS_47 00.02.06a.tif , 65.1376 , 39.5531 , 50 , 57 , 2.1752 , 1.1766
RMS_47 01.01.01a.tif , 54.1475 , 33.8311 , 42 , 49 , 4.6239 , 1.5395
RMS_47 01.01.02a.tif , 51.4288 , 38.5533 , 33 , 43 , 5.0495 , 1.9125
RMS_47 01.01.03a.tif , 57.4601 , 37.1167 , 38 , 49 , 2.8346 , 1.2783
RMS_47 01.02.04a.tif , 52.3084 , 34.1352 , 38 , 45 , 5.3973 , 1.7364
RMS_47 01.02.05a.tif , 51.0025 , 34.7948 , 33 , 43 , 4.7473 , 1.6821
RMS_47 01.02.06a.tif , 60.9312 , 38.0194 , 46 , 53 , 2.768 , 1.2961
RMS_47 02.01.01a.tif , 53.2425 , 33.2475 , 41 , 48 , 5.3779 , 1.6382
RMS_47 02.01.01b.tif , 51.3131 , 33.134 , 38 , 45 , 5.8262 , 1.7615
RMS_47 02.01.02a.tif , 49.3083 , 36.5396 , 35 , 41 , 5.8022 , 2.0104
RMS_47 02.01.02b.tif , 68.1875 , 38.7339 , 57 , 61 , 1.8644 , 0.9996
RMS_47 02.01.03a.tif , 55.4084 , 34.9937 , 38 , 49 , 3.5135 , 1.3406
RMS_47 02.01.03b.tif , 56.3574 , 35.5797 , 43 , 52 , 4.3416 , 1.5678
RMS_47 02.01.04b.tif , 60.595 , 39.2278 , 40 , 52 , 2.8857 , 1.3933
RMS_47 02.02.015b.tif , 63.9115 , 39.596 , 46 , 57 , 2.2361 , 1.1908
RMS_47 02.02.04a.tif , 55.4352 , 34.4718 , 43 , 51 , 4.6569 , 1.5517
RMS_47 02.02.05a.tif , 52.6854 , 34.9475 , 38 , 45 , 4.4547 , 1.6042
RMS_47 02.02.05b.tif , 68.8478 , 38.3473 , 60 , 65 , 2.3147 , 1.0742
RMS_47 02.02.06a.tif , 63.9115 , 39.596 , 46 , 57 , 2.2361 , 1.1908
RMS_47 02.02.06b.tif , 66.6958 , 38.6853 , 51 , 61 , 2.2266 , 1.1008
RMS_47 02.02.07b.tif , 62.9949 , 40.4582 , 47 , 55 , 2.6189 , 1.3444
RMS_47 02.02.08b.tif , 70.1254 , 40.2275 , 55 , 63 , 1.5333 , 0.951
RMS_47 02.02.09b.tif , 59.8405 , 35.6478 , 47 , 56 , 3.8291 , 1.3876
RMS_47 02.02.10b.tif , 65.2075 , 38.0608 , 51 , 59 , 2.3931 , 1.1393
RMS_47 02.02.11b.tif , 60.6458 , 36.0199 , 48 , 56 , 3.1887 , 1.2739
RMS_47 02.02.12b.tif , 62.778 , 38.1498 , 47 , 58 , 2.6026 , 1.2269
RMS_47 02.02.13b.tif , 68.8915 , 40.5968 , 52 , 63 , 1.7992 , 1.063
RMS_47 02.02.14b.tif , 63.8249 , 39.3357 , 49 , 57 , 2.4965 , 1.2544
RMS_47 03.01.01a.tif , 53.4425 , 32.8038 , 43 , 49 , 5.3696 , 1.6061
RMS_47 03.01.01b.tif , 51.6535 , 32.7798 , 40 , 47 , 5.6242 , 1.6996
RMS_47 03.01.02a.tif , 49.5807 , 36.0038 , 34 , 40 , 5.9925 , 2.0086
RMS_47 03.01.02b.tif , 62.949 , 36.5547 , 52 , 56 , 2.8391 , 1.1952
RMS_47 03.01.03a.tif , 53.4831 , 34.2796 , 37 , 47 , 4.0979 , 1.4355
RMS_47 03.01.03b.tif , 55.8634 , 35.0942 , 44 , 49 , 4.5262 , 1.5753
RMS_47 03.01.04b.tif , 59.8635 , 38.802 , 41 , 54 , 2.9058 , 1.3799
RMS_47 03.02.04a.tif , 57.6023 , 35.1914 , 47 , 51 , 4.0111 , 1.441
RMS_47 03.02.05a.tif , 53.8721 , 34.8984 , 40 , 46 , 4.2964 , 1.5552
RMS_47 03.02.05b.tif , 67.0907 , 38.6493 , 56 , 61 , 2.3794 , 1.1347
RMS_47 03.02.06a.tif , 65.5435 , 41.7776 , 43 , 59 , 1.7431 , 1.1367
RMS_47 03.02.06b.tif , 68.77 , 39.661 , 55 , 65 , 1.9407 , 1.0488
RMS_47 03.02.07b.tif , 61.8216 , 40.4457 , 43 , 53 , 2.3692 , 1.3015
RMS_47 03.02.08b.tif , 65.1855 , 39.3342 , 50 , 61 , 2.2101 , 1.154
RMS_47 03.02.09b.tif , 60.6034 , 35.7516 , 50 , 54 , 3.5214 , 1.3237
RMS_47 03.02.10b.tif , 65.0176 , 38.1363 , 51 , 60 , 2.3094 , 1.1206
RMS_47 03.02.11b.tif , 64.3818 , 39.1938 , 50 , 57 , 2.4225 , 1.2045
RMS_47 03.02.12b.tif , 63.1867 , 38.8738 , 48 , 55 , 2.5387 , 1.2403
RMS_47 03.02.13b.tif , 66.8588 , 40.7355 , 47 , 61 , 1.8091 , 1.0991
RMS_47 03.02.14b.tif , 74.8494 , 46.0394 , 51 , 68 , 0.6996 , 0.8643
RMS_47 03.02.15b.tif , 65.5435 , 41.7776 , 43 , 59 , 1.7431 , 1.1367
RMS_47 04.01.01a.tif , 57.7656 , 35.3466 , 46 , 52 , 3.6597 , 1.3617
RMS_47 04.01.01b.tif , 52.5327 , 33.8612 , 41 , 48 , 5.1498 , 1.6626
RMS_47 04.01.02a.tif , 51.0966 , 36.6653 , 36 , 43 , 5.2554 , 1.8814
RMS_47 04.01.02b.tif , 68.1907 , 39.8505 , 53 , 64 , 1.765 , 1.0136
RMS_47 04.01.03a.tif , 56.3664 , 36.4522 , 37 , 48 , 3.1033 , 1.3354
RMS_47 04.01.03b.tif , 55.2503 , 35.6191 , 41 , 50 , 4.3946 , 1.5983
RMS_47 04.01.04b.tif , 61.8435 , 40.4677 , 40 , 52 , 2.5533 , 1.3491
RMS_47 04.02.04a.tif , 57.9819 , 36.053 , 43 , 53 , 3.6199 , 1.4027
RMS_47 04.02.05a.tif , 55.6731 , 36.6563 , 39 , 48 , 3.5273 , 1.4698
RMS_47 04.02.05b.tif , 69.1708 , 40.1823 , 60 , 64 , 1.7417 , 1.013
RMS_47 04.02.06a.tif , 71.4652 , 44.6503 , 49 , 64 , 1.1127 , 0.9835
RMS_47 04.02.06b.tif , 68.3781 , 40.3936 , 54 , 62 , 1.6981 , 1.0107
RMS_47 04.02.07b.tif , 63.3114 , 42.1498 , 41 , 54 , 1.9549 , 1.2381
RMS_47 04.02.08b.tif , 68.554 , 42.1899 , 49 , 62 , 1.6234 , 1.0723
RMS_47 04.02.09b.tif , 63.6906 , 37.5184 , 50 , 57 , 2.5838 , 1.1637
RMS_47 04.02.10b.tif , 68.7662 , 40.038 , 54 , 61 , 1.7692 , 1.0262
RMS_47 04.02.11b.tif , 66.7724 , 40.5977 , 47 , 61 , 2.0151 , 1.1369
RMS_47 04.02.12b.tif , 64.9798 , 40.2637 , 47 , 59 , 2.1448 , 1.1841
RMS_47 04.02.13b.tif , 70.5706 , 42.7135 , 52 , 65 , 1.3351 , 0.9923
RMS_47 04.02.14b.tif , 75.7847 , 46.0134 , 53 , 68 , 0.6534 , 0.825
RMS_47 04.02.15b.tif , 71.4652 , 44.6503 , 49 , 64 , 1.1127 , 0.9835
RMS_48 Neocortex 01c.tif , 87.6029 , 48.6034 , 85 , 85 , -0.1976 , 0.4063
RMS_50 00.01.01a.tif , 44.628 , 30.2482 , 34 , 39 , 9.3681 , 2.2234
RMS_50 00.01.02a.tif , 55.3201 , 33.6292 , 43 , 50 , 4.849 , 1.532
RMS_50 00.01.03a.tif , 45.8707 , 31.4681 , 35 , 41 , 9.1506 , 2.2917
RMS_50 00.02.04a.tif , 42.3669 , 33.3036 , 29 , 34 , 9.7494 , 2.5464
RMS_50 00.02.05a.tif , 42.8774 , 31.7938 , 31 , 37 , 9.5077 , 2.4287
RMS_50 00.02.06a.tif , 41.8088 , 30.6737 , 34 , 37 , 10.6266 , 2.5689
RMS_50 01.01.01a.tif , 47.2435 , 31.5844 , 33 , 42 , 7.4754 , 1.9824
RMS_50 01.01.02a.tif , 58.2646 , 34.4865 , 48 , 55 , 3.791 , 1.3358
RMS_50 01.01.03a.tif , 52.2906 , 32.0829 , 45 , 48 , 6.1866 , 1.7248
RMS_50 01.02.04a.tif , 43.2778 , 31.899 , 29 , 37 , 9.495 , 2.3922
RMS_50 01.02.05a.tif , 49.8085 , 33.438 , 37 , 44 , 6.3944 , 1.9182
RMS_50 01.02.06a.tif , 45.1061 , 31.9777 , 35 , 38 , 8.9104 , 2.3364
RMS_50 02.01.01a.tif , 49.2262 , 31.5079 , 38 , 43 , 6.9242 , 1.8447
RMS_50 02.01.01b.tif , 52.1395 , 33.7813 , 36 , 46 , 5.2843 , 1.6812
RMS_50 02.01.02a.tif , 56.6542 , 33.9189 , 46 , 53 , 4.3887 , 1.4538
RMS_50 02.01.02b.tif , 53.7688 , 33.9616 , 40 , 48 , 4.6561 , 1.5433
RMS_50 02.01.03a.tif , 50.7808 , 31.5586 , 40 , 47 , 6.7838 , 1.8128
RMS_50 02.01.03b.tif , 49.9394 , 34.6403 , 36 , 42 , 6.1511 , 1.9545
RMS_50 02.01.04b.tif , 63.2438 , 40.5371 , 46 , 55 , 2.2501 , 1.2386
RMS_50 02.01.05b.tif , 60.9385 , 40.6142 , 40 , 53 , 2.4259 , 1.3168
RMS_50 02.01.06b.tif , 66.988 , 42.6032 , 44 , 57 , 1.6157 , 1.123
RMS_50 02.01.07b.tif , 57.4406 , 36.6882 , 39 , 52 , 3.5104 , 1.4229
RMS_50 02.02.04a.tif , 44.1734 , 31.5476 , 33 , 38 , 9.3519 , 2.3326
RMS_50 02.02.05a.tif , 53.3629 , 34.143 , 41 , 48 , 5.3673 , 1.7062
RMS_50 02.02.06a.tif , 43.873 , 31.768 , 34 , 37 , 9.3693 , 2.4086
RMS_50 02.02.08b.tif , 63.3903 , 39.3267 , 49 , 57 , 2.4139 , 1.238
RMS_50 02.02.09b.tif , 70.4484 , 41.4675 , 53 , 62 , 1.4774 , 0.997
RMS_50 02.02.10b.tif , 45.9296 , 33.6247 , 30 , 38 , 6.6879 , 2.0515
RMS_50 02.02.11b.tif , 47.7007 , 33.9827 , 35 , 42 , 6.8201 , 2.0797
RMS_50 02.02.12b.tif , 55.0263 , 34.909 , 41 , 48 , 4.6004 , 1.5874
RMS_50 03.01.01a.tif , 53.0288 , 33.651 , 39 , 48 , 5.0031 , 1.613
RMS_50 03.01.01b.tif , 53.7021 , 34.53 , 39 , 49 , 4.4685 , 1.555
RMS_50 03.01.02a.tif , 58.1909 , 34.889 , 45 , 52 , 3.9067 , 1.3807
RMS_50 03.01.02b.tif , 55.4364 , 34.8178 , 39 , 50 , 4.1859 , 1.4832
RMS_50 03.01.03a.tif , 44.6971 , 29.0614 , 35 , 39 , 10.0293 , 2.2494
RMS_50 03.01.03b.tif , 50.4467 , 34.2663 , 36 , 45 , 5.7651 , 1.8532
RMS_50 03.01.04b.tif , 65.9034 , 40.9553 , 47 , 60 , 1.8418 , 1.1208
RMS_50 03.01.05b.tif , 62.2861 , 40.1902 , 44 , 56 , 2.2238 , 1.2336
RMS_50 03.01.06b.tif , 67.4348 , 42.5434 , 47 , 59 , 1.5189 , 1.081
RMS_50 03.01.07b.tif , 61.9245 , 38.2267 , 45 , 54 , 2.4827 , 1.203
RMS_50 03.02.04a.tif , 48.208 , 33.4387 , 35 , 42 , 6.5045 , 1.9252
RMS_50 03.02.05a.tif , 53.8967 , 35.144 , 40 , 47 , 5.1038 , 1.7109
RMS_50 03.02.06a.tif , 49.0841 , 34.3928 , 35 , 41 , 6.435 , 1.9979
RMS_50 03.02.08b.tif , 63.9179 , 40.1301 , 43 , 58 , 2.2673 , 1.2295
RMS_50 03.02.09b.tif , 68.2255 , 41.4848 , 51 , 63 , 1.5617 , 1.0486
RMS_50 03.02.10b.tif , 46.5027 , 33.1312 , 32 , 39 , 6.6127 , 1.981
RMS_50 03.02.11b.tif , 53.5792 , 36.9551 , 35 , 46 , 4.0549 , 1.6311
RMS_50 03.02.12b.tif , 60.3513 , 39.8318 , 44 , 54 , 2.6763 , 1.3542
RMS_50 04.01.01a.tif , 55.487 , 34.8514 , 39 , 51 , 4.2783 , 1.5057
RMS_50 04.01.01b.tif , 57.9953 , 36.8146 , 41 , 52 , 3.1485 , 1.3405
RMS_50 04.01.02a.tif , 58.355 , 35.2261 , 45 , 52 , 3.8091 , 1.388
RMS_50 04.01.02b.tif , 58.4847 , 36.5082 , 39 , 53 , 2.9364 , 1.2663
RMS_50 04.01.03a.tif , 53.9061 , 33.501 , 43 , 50 , 5.0178 , 1.5842
RMS_50 04.01.03b.tif , 48.3361 , 33.8757 , 33 , 42 , 6.3887 , 1.9577
RMS_50 04.01.04b.tif , 74.0117 , 44.3165 , 54 , 66 , 0.8788 , 0.8773
RMS_50 04.01.05b.tif , 68.3983 , 42.7347 , 49 , 62 , 1.3451 , 1.0159
RMS_50 04.01.06b.tif , 68.626 , 43.4255 , 46 , 60 , 1.2176 , 1.0017
RMS_50 04.01.07b.tif , 66.9469 , 40.8889 , 51 , 60 , 1.6072 , 1.0272
RMS_50 04.02.04a.tif , 50.2693 , 33.7651 , 36 , 44 , 5.6654 , 1.7586
RMS_50 04.02.05a.tif , 58.6051 , 37.0865 , 43 , 53 , 3.6716 , 1.4508
RMS_50 04.02.06a.tif , 49.1336 , 33.8783 , 36 , 42 , 6.5126 , 1.99
RMS_50 04.02.08b.tif , 65.078 , 40.7746 , 46 , 56 , 2.0542 , 1.1801
RMS_50 04.02.09b.tif , 72.2227 , 42.0909 , 54 , 65 , 1.1715 , 0.8976
RMS_50 04.02.10b.tif , 48.4408 , 34.381 , 31 , 41 , 5.6347 , 1.8477
RMS_50 04.02.11b.tif , 56.0183 , 37.6536 , 40 , 48 , 3.7024 , 1.5482
RMS_50 04.02.12b.tif , 65.4716 , 42.845 , 43 , 57 , 1.7213 , 1.1662
RMS_60 04.01.01a.tif , 60.8589 , 37.2352 , 48 , 55 , 3.0052 , 1.3001
RMS_60 04.01.02a.tif , 62.1397 , 40.229 , 41 , 54 , 1.9712 , 1.1799
RMS_60 04.01.03a.tif , 64.0006 , 38.4725 , 50 , 58 , 2.4435 , 1.1939
RMS_60 04.02.04a.tif , 46.394 , 30.2503 , 37 , 40 , 8.8203 , 2.1152
RMS_60 04.02.05a.tif , 52.2231 , 32.103 , 43 , 47 , 6.1778 , 1.7175
RMS_60 04.02.06a.tif , 75.6337 , 44.6116 , 57 , 69 , 0.6 , 0.7488
RMS_68 00.01.01a.tif , 44.4541 , 29.9105 , 36 , 40 , 10.5471 , 2.384
RMS_68 00.01.02a.tif , 39.1242 , 28.1612 , 30 , 35 , 14.5828 , 2.8869
RMS_68 00.01.03a.tif , 42.5648 , 28.7642 , 37 , 37 , 12.991 , 2.6264
RMS_68 00.02.04a.tif , 46.782 , 30.1216 , 41 , 41 , 9.2424 , 2.1424
RMS_68 00.02.05a.tif , 39.1822 , 30.5386 , 28 , 32 , 12.5313 , 2.8485
RMS_68 00.02.06a.tif , 56.1256 , 33.9975 , 46 , 53 , 5.0226 , 1.5662
RMS_68 01.01.01a.tif , 45.5676 , 30.7371 , 38 , 43 , 9.383 , 2.2577
RMS_68 01.01.02a.tif , 43.0772 , 29.3947 , 37 , 37 , 11.0585 , 2.436
RMS_68 01.01.03a.tif , 46.0134 , 30.2574 , 36 , 41 , 9.3206 , 2.171
RMS_68 01.02.04a.tif , 49.3463 , 31.0089 , 40 , 45 , 7.91 , 1.9723
RMS_68 01.02.05a.tif , 45.8464 , 30.751 , 38 , 43 , 9.2741 , 2.2361
RMS_68 01.02.06a.tif , 58.2341 , 34.7499 , 45 , 52 , 4.017 , 1.3937
RMS_68 02.01.01a.tif , 46.5645 , 30.8518 , 36 , 40 , 9.1293 , 2.2151
RMS_68 02.01.01b.tif , 55.0757 , 32.7186 , 45 , 51 , 5.2323 , 1.5482
RMS_68 02.01.02a.tif , 46.9522 , 30.8455 , 40 , 40 , 8.8774 , 2.1753
RMS_68 02.01.03a.tif , 48.4505 , 30.323 , 38 , 44 , 8.367 , 1.9664
RMS_68 02.02.02b.tif , 48.9044 , 32.1512 , 38 , 44 , 7.3085 , 1.9753
RMS_68 02.02.03b.tif , 53.9127 , 34.8514 , 41 , 47 , 4.7178 , 1.5977
RMS_68 02.02.04a.tif , 51.3553 , 32.3807 , 40 , 45 , 6.7322 , 1.8423
RMS_68 02.02.04b.tif , 48.969 , 32.4438 , 37 , 42 , 6.6728 , 1.8964
RMS_68 02.02.05a.tif , 47.2602 , 30.8617 , 40 , 40 , 8.6009 , 2.1256
RMS_68 02.02.05b.tif , 54.3794 , 34.9355 , 40 , 46 , 4.7983 , 1.6293
RMS_68 02.02.06a.tif , 59.4514 , 37.1207 , 48 , 54 , 3.3791 , 1.3884
RMS_68 02.02.06b.tif , 59.4514 , 37.1207 , 48 , 54 , 3.3791 , 1.3884
RMS_68 03.01.01a.tif , 47.4014 , 31.4894 , 37 , 42 , 8.2984 , 2.1138
RMS_68 03.01.01b.tif , 53.8487 , 32.064 , 44 , 49 , 5.593 , 1.5892
RMS_68 03.01.02a.tif , 50.7543 , 33.0864 , 38 , 44 , 6.2925 , 1.8494
RMS_68 03.01.03a.tif , 52.3057 , 32.6233 , 44 , 51 , 5.897 , 1.6812
RMS_68 03.02.02b.tif , 55.8848 , 35.8225 , 41 , 53 , 4.2151 , 1.5237
RMS_68 03.02.03b.tif , 58.7212 , 38.4307 , 43 , 54 , 2.9278 , 1.361
RMS_68 03.02.04a.tif , 53.6538 , 34.0483 , 43 , 48 , 5.4728 , 1.6952
RMS_68 03.02.04b.tif , 58.3326 , 37.3488 , 45 , 51 , 3.3922 , 1.4183
RMS_68 03.02.05a.tif , 46.4025 , 31.1472 , 35 , 40 , 8.3041 , 2.1234
RMS_68 03.02.05b.tif , 64.4066 , 41.4352 , 45 , 56 , 2.039 , 1.1976
RMS_68 03.02.06a.tif , 66.1923 , 41.3646 , 48 , 60 , 1.8353 , 1.1331
RMS_68 03.02.06b.tif , 66.1923 , 41.3646 , 48 , 60 , 1.8353 , 1.1331
RMS_68 04.01.01a.tif , 49.4175 , 32.9665 , 37 , 45 , 7.283 , 2.0137
RMS_68 04.01.01b.tif , 57.0809 , 33.7981 , 48 , 52 , 4.2972 , 1.417
RMS_68 04.01.02a.tif , 50.9748 , 34.1529 , 38 , 43 , 5.7505 , 1.8171
RMS_68 04.01.03a.tif , 53.9253 , 33.8084 , 44 , 49 , 4.9704 , 1.5699
RMS_68 04.02.02b.tif , 56.9696 , 36.3055 , 41 , 52 , 3.6801 , 1.4417
RMS_68 04.02.03b.tif , 63.9353 , 40.7375 , 46 , 57 , 2.12 , 1.1841
RMS_68 04.02.04a.tif , 52.6963 , 33.6525 , 44 , 49 , 5.3227 , 1.6562
RMS_68 04.02.04b.tif , 61.58 , 39.3586 , 46 , 57 , 2.5828 , 1.2738
RMS_68 04.02.05a.tif , 49.5427 , 32.5131 , 41 , 46 , 6.7144 , 1.8857
RMS_68 04.02.05b.tif , 65.8022 , 41.662 , 45 , 61 , 1.7037 , 1.1044
RMS_68 04.02.06a.tif , 65.603 , 40.8474 , 47 , 58 , 1.8161 , 1.1056
RMS_68 04.02.06b.tif , 65.603 , 40.8474 , 47 , 58 , 1.8161 , 1.1056
RMS_69 00.01.01a.tif , 47.3066 , 31.2276 , 37 , 43 , 7.5588 , 2.005
RMS_69 00.01.02a.tif , 45.0397 , 31.6324 , 31 , 40 , 7.2672 , 2.006
RMS_69 00.01.03a.tif , 58.2557 , 35.7834 , 43 , 51 , 3.6642 , 1.4232
RMS_69 00.02.04a.tif , 37.3364 , 28.105 , 28 , 31 , 16.674 , 3.1798
RMS_69 00.02.05a.tif , 44.2127 , 27.6336 , 37 , 41 , 12.2648 , 2.3936
RMS_69 00.02.06a.tif , 46.1772 , 29.3639 , 37 , 42 , 9.4259 , 2.1448
RMS_69 01.01.01a.tif , 59.2999 , 36.867 , 46 , 52 , 3.256 , 1.3767
RMS_69 01.01.02a.tif , 55.8179 , 36.8282 , 36 , 49 , 3.2398 , 1.4235
RMS_69 01.01.03a.tif , 64.5922 , 38.7319 , 50 , 59 , 2.5308 , 1.2192
RMS_69 01.02.04a.tif , 40.3491 , 28.572 , 32 , 35 , 13.4222 , 2.7328
RMS_69 01.02.05a.tif , 42.9958 , 27.308 , 37 , 41 , 12.7866 , 2.4718
RMS_69 01.02.06a.tif , 51.0723 , 32.9625 , 40 , 45 , 5.9615 , 1.7861
RMS_69 02.01.01a.tif , 52.3677 , 32.9455 , 40 , 47 , 5.8558 , 1.7506
RMS_69 02.01.01b.tif , 64.5952 , 39.0501 , 51 , 58 , 2.3512 , 1.205
RMS_69 02.01.02a.tif , 55.5284 , 35.5915 , 40 , 50 , 3.379 , 1.4011
RMS_69 02.01.02b.tif , 58.5665 , 36.3872 , 45 , 52 , 3.3471 , 1.3797
RMS_69 02.01.03a.tif , 64.4058 , 37.6709 , 52 , 57 , 2.687 , 1.2065
RMS_69 02.01.03b.tif , 67.2552 , 40.9872 , 49 , 60 , 1.6043 , 1.0613
RMS_69 02.01.04b.tif , 63.1796 , 39.5029 , 45 , 58 , 2.35 , 1.2231
RMS_69 02.01.05b.tif , 61.4986 , 39.3288 , 41 , 55 , 2.3187 , 1.2305
RMS_69 02.01.06b.tif , 55.7319 , 36.8995 , 39 , 47 , 3.7738 , 1.5229
RMS_69 02.01.07b.tif , 56.4192 , 36.6421 , 38 , 51 , 3.3917 , 1.4207
RMS_69 02.01.08b.tif , 51.3959 , 32.6864 , 40 , 44 , 5.7678 , 1.7527
RMS_69 02.02.04a.tif , 41.1497 , 28.2915 , 33 , 36 , 13.2341 , 2.6721
RMS_69 02.02.05a.tif , 48.9925 , 29.8295 , 40 , 44 , 8.1815 , 1.9102
RMS_69 02.02.06a.tif , 59.8839 , 36.7365 , 48 , 52 , 3.4403 , 1.3714
RMS_69 02.02.09b.tif , 68.8342 , 40.4049 , 51 , 64 , 1.8668 , 1.0613
RMS_69 02.02.10b.tif , 72.7582 , 42.6782 , 57 , 65 , 1.2226 , 0.9278
RMS_69 02.02.11b.tif , 60.863 , 37.9899 , 46 , 55 , 3.0367 , 1.3453
RMS_69 02.02.12b.tif , 53.8159 , 35.0539 , 42 , 46 , 5.0756 , 1.7089
RMS_69 02.02.13b.tif , 59.8839 , 36.7365 , 48 , 52 , 3.4403 , 1.3714
RMS_69 03.01.01a.tif , 61.5203 , 37.7008 , 48 , 55 , 2.9089 , 1.2977
RMS_69 03.01.01b.tif , 60.647 , 37.4111 , 48 , 55 , 2.8996 , 1.2971
RMS_69 03.01.02a.tif , 63.0338 , 40.0748 , 42 , 56 , 1.9704 , 1.1746
RMS_69 03.01.02b.tif , 60.6312 , 37.0457 , 46 , 53 , 3.0439 , 1.316
RMS_69 03.01.03a.tif , 63.4419 , 38.1067 , 47 , 56 , 2.5401 , 1.2113
RMS_69 03.01.03b.tif , 66.5665 , 41.08 , 47 , 58 , 1.7928 , 1.1102
RMS_69 03.01.04b.tif , 66.2254 , 41.7253 , 51 , 60 , 1.7694 , 1.1255
RMS_69 03.01.05b.tif , 68.5368 , 43.0259 , 47 , 61 , 1.3554 , 1.0318
RMS_69 03.01.06b.tif , 57.3132 , 37.6411 , 39 , 51 , 3.2409 , 1.4363
RMS_69 03.01.07b.tif , 65.1205 , 41.5174 , 46 , 56 , 1.8384 , 1.156
RMS_69 03.01.08b.tif , 49.0307 , 31.22 , 39 , 43 , 6.7244 , 1.8321
RMS_69 03.02.04a.tif , 45.4874 , 30.2758 , 35 , 42 , 9.2524 , 2.2084
RMS_69 03.02.05a.tif , 51.4514 , 32.0904 , 40 , 45 , 6.6091 , 1.8202
RMS_69 03.02.06a.tif , 70.8233 , 42.7527 , 55 , 63 , 1.1152 , 0.9144
RMS_69 03.02.09b.tif , 65.3694 , 38.7968 , 54 , 58 , 2.3732 , 1.17
RMS_69 03.02.10b.tif , 80.1724 , 46.7331 , 61 , 73 , 0.354 , 0.6857
RMS_69 03.02.11b.tif , 67.0893 , 42.2992 , 45 , 61 , 1.4372 , 1.0467
RMS_69 03.02.12b.tif , 63.2462 , 40.4792 , 47 , 56 , 2.4317 , 1.2763
RMS_69 03.02.13b.tif , 70.8233 , 42.7527 , 55 , 63 , 1.1152 , 0.9144
RMS_69 04.01.01b.tif , 62.7633 , 38.5696 , 49 , 56 , 2.4903 , 1.2304
RMS_69 04.01.02b.tif , 64.3415 , 38.4663 , 50 , 57 , 2.4697 , 1.189
RMS_69 04.01.03b.tif , 66.9689 , 42.3476 , 47 , 59 , 1.4276 , 1.0522
RMS_69 04.01.04b.tif , 71.0864 , 44.5029 , 51 , 63 , 0.9464 , 0.937
RMS_69 04.01.05b.tif , 74.0306 , 45.8941 , 48 , 67 , 0.6794 , 0.8512
RMS_69 04.01.06b.tif , 60.7268 , 38.9268 , 42 , 53 , 2.2986 , 1.2267
RMS_69 04.01.07b.tif , 65.9861 , 42.1533 , 46 , 59 , 1.6222 , 1.1014
RMS_69 04.01.08b.tif , 55.6005 , 35.0953 , 44 , 48 , 4.1166 , 1.5191
RMS_69 04.02.09b.tif , 65.78 , 38.8621 , 53 , 60 , 2.2527 , 1.1259
RMS_69 04.02.10b.tif , 79.3596 , 47.0095 , 58 , 72 , 0.3066 , 0.6875
RMS_69 04.02.11b.tif , 73.4462 , 44.0362 , 54 , 66 , 0.8741 , 0.8516
RMS_69 04.02.12b.tif , 67.5899 , 41.8292 , 51 , 59 , 1.5745 , 1.0598
RMS_69 04.02.13b.tif , 75.6337 , 44.6116 , 57 , 69 , 0.6 , 0.7488
RMS_78 00.01.01a.tif , 44.0747 , 35.2546 , 30 , 37 , 8.3988 , 2.4795
RMS_78 00.01.02a.tif , 42.2521 , 28.3844 , 35 , 39 , 13.6893 , 2.7202
RMS_78 00.01.03a.tif , 48.1124 , 30.1132 , 39 , 45 , 8.4065 , 2.0088
RMS_78 00.02.04a.tif , 40.9426 , 31.0528 , 32 , 37 , 11.2316 , 2.6642
RMS_78 00.02.05a.tif , 41.302 , 28.8754 , 32 , 35 , 12.3958 , 2.6541
RMS_78 00.02.06a.tif , 59.7943 , 33.9841 , 51 , 55 , 3.846 , 1.3031
RMS_78 01.01.01a.tif , 41.6127 , 31.682 , 32 , 36 , 10.3237 , 2.5893
RMS_78 01.01.02a.tif , 45.6696 , 29.6291 , 35 , 43 , 10.0943 , 2.2736
RMS_78 01.01.03a.tif , 50.7039 , 31.0589 , 44 , 47 , 7.3249 , 1.8579
RMS_78 01.02.04a.tif , 43.6304 , 29.5998 , 35 , 39 , 10.0789 , 2.3026
RMS_78 01.02.05a.tif , 44.6076 , 29.9297 , 37 , 40 , 10.2171 , 2.3628
RMS_78 01.02.06a.tif , 63.9923 , 36.1526 , 51 , 60 , 2.6769 , 1.109
RMS_78 02.01.01a.tif , 43.1283 , 32.1611 , 30 , 38 , 10.1751 , 2.5589
RMS_78 02.01.01b.tif , 44.4961 , 29.7769 , 34 , 41 , 9.9529 , 2.2966
RMS_78 02.01.02a.tif , 47.6738 , 29.2793 , 40 , 44 , 8.989 , 2.0455
RMS_78 02.01.02b.tif , 63.6304 , 37.9367 , 51 , 59 , 2.4022 , 1.1721
RMS_78 02.01.03a.tif , 57.3398 , 33.8955 , 48 , 51 , 4.1929 , 1.3822
RMS_78 02.01.03b.tif , 54.9642 , 34.2966 , 45 , 49 , 4.979 , 1.6249
RMS_78 02.01.04b.tif , 63.6525 , 39.1912 , 48 , 56 , 2.5949 , 1.2936
RMS_78 02.012.05b.tif , 65.3541 , 38.3792 , 53 , 61 , 2.6672 , 1.2238
RMS_78 02.012.06b.tif , 50.0942 , 30.7673 , 41 , 44 , 7.3007 , 1.8422
RMS_78 02.012.07b.tif , 57.301 , 34.5459 , 47 , 51 , 3.9962 , 1.4295
RMS_78 02.02.04a.tif , 45.2603 , 29.8547 , 37 , 42 , 9.358 , 2.1877
RMS_78 02.02.05a.tif , 42.8957 , 28.727 , 34 , 37 , 11.8523 , 2.5159
RMS_78 02.02.06a.tif , 66.7209 , 36.7634 , 59 , 63 , 2.3123 , 1.0101
RMS_78 03.01.01a.tif , 45.5002 , 32.619 , 37 , 41 , 9.5199 , 2.4451
RMS_78 03.01.01b.tif , 50.8015 , 33.2217 , 38 , 45 , 6.0012 , 1.8117
RMS_78 03.01.02a.tif , 51.0552 , 30.9587 , 44 , 48 , 6.8589 , 1.7939
RMS_78 03.01.02b.tif , 65.4069 , 38.2299 , 51 , 60 , 2.1784 , 1.0932
RMS_78 03.01.03a.tif , 61.6451 , 35.3972 , 53 , 57 , 3.1352 , 1.1936
RMS_78 03.01.03b.tif , 60.8359 , 37.6014 , 45 , 54 , 3.374 , 1.3972
RMS_78 03.01.04b.tif , 64.6038 , 38.924 , 51 , 59 , 2.2551 , 1.1616
RMS_78 03.02.04a.tif , 44.3315 , 29.6957 , 33 , 38 , 9.613 , 2.236
RMS_78 03.02.05a.tif , 47.3536 , 30.445 , 40 , 44 , 8.7337 , 2.1059
RMS_78 03.02.05b.tif , 65.1857 , 38.8911 , 51 , 59 , 2.52 , 1.2009
RMS_78 03.02.06a.tif , 67.6759 , 37.3024 , 57 , 65 , 2.0102 , 0.9407
RMS_78 03.02.06b.tif , 53.0745 , 32.2675 , 42 , 49 , 5.7683 , 1.6425
RMS_78 03.02.07b.tif , 57.3531 , 34.5588 , 47 , 51 , 3.9318 , 1.4079
RMS_78 04.01.01a.tif , 41.3746 , 31.4769 , 31 , 35 , 10.77 , 2.6184
RMS_78 04.01.01b.tif , 60.7186 , 39.7085 , 40 , 52 , 2.549 , 1.3246
RMS_78 04.01.02a.tif , 59.9087 , 38.9898 , 43 , 54 , 3.1419 , 1.4294
RMS_78 04.01.02b.tif , 67.3139 , 39.4315 , 51 , 60 , 1.8514 , 1.0384
RMS_78 04.01.03a.tif , 62.5637 , 36.3698 , 51 , 58 , 2.8452 , 1.1688
RMS_78 04.01.03b.tif , 65.8391 , 42.9813 , 43 , 58 , 1.662 , 1.1678
RMS_78 04.01.04b.tif , 62.8955 , 38.9156 , 49 , 57 , 2.6596 , 1.2776
RMS_78 04.02.04a.tif , 47.3737 , 30.346 , 36 , 41 , 8.0329 , 1.989
RMS_78 04.02.05a.tif , 51.5512 , 32.8228 , 42 , 46 , 6.1423 , 1.7912
RMS_78 04.02.05b.tif , 64.4757 , 39.977 , 46 , 57 , 2.3914 , 1.243
RMS_78 04.02.06a.tif , 64.3665 , 37.3884 , 53 , 61 , 2.6798 , 1.1622
RMS_78 04.02.06b.tif , 55.3954 , 35.4727 , 41 , 48 , 4.5245 , 1.5985
RMS_78 04.02.07b.tif , 57.7733 , 36.1903 , 43 , 51 , 3.7698 , 1.4504
RMS_79 00.01.01a.tif , 53.2317 , 32.9478 , 44 , 49 , 5.7905 , 1.7355
RMS_79 00.01.02a.tif , 54.0172 , 32.2024 , 45 , 50 , 5.4471 , 1.5874
RMS_79 00.01.03a.tif , 54.6821 , 33.2041 , 46 , 52 , 5.2561 , 1.597
RMS_79 00.02.04a.tif , 42.3932 , 30.7971 , 31 , 35 , 10.9393 , 2.5558
RMS_79 00.02.05a.tif , 47.0291 , 31.1757 , 38 , 43 , 8.274 , 2.0819
RMS_79 00.02.06a.tif , 55.1772 , 37.1926 , 39 , 49 , 3.945 , 1.5777
RMS_79 01.01.01a.tif , 52.6788 , 33.1206 , 40 , 48 , 5.6404 , 1.7387
RMS_79 01.01.02a.tif , 55.6515 , 33.735 , 45 , 51 , 4.243 , 1.4413
RMS_79 01.01.03a.tif , 55.6166 , 34.5757 , 41 , 52 , 4.4687 , 1.5267
RMS_79 01.02.04a.tif , 45.7096 , 31.5704 , 33 , 41 , 8.8116 , 2.2271
RMS_79 01.02.05a.tif , 50.2447 , 31.7968 , 40 , 45 , 6.0736 , 1.7265
RMS_79 01.02.06a.tif , 57.5032 , 36.9947 , 42 , 53 , 3.7189 , 1.4803
RMS_79 02.01.01a.tif , 52.5127 , 32.851 , 42 , 46 , 5.9409 , 1.7747
RMS_79 02.01.01b.tif , 57.5426 , 36.7346 , 40 , 50 , 3.366 , 1.3986
RMS_79 02.01.02a.tif , 60.8111 , 35.5507 , 48 , 54 , 3.1981 , 1.2472
RMS_79 02.01.02b.tif , 58.7514 , 34.783 , 48 , 54 , 3.5618 , 1.3133
RMS_79 02.01.03a.tif , 60.189 , 35.8122 , 51 , 56 , 3.4843 , 1.3294
RMS_79 02.01.03b.tif , 56.51 , 35.6056 , 45 , 51 , 3.8628 , 1.4602
RMS_79 02.01.04b.tif , 58.6916 , 35.8595 , 45 , 51 , 3.5377 , 1.3644
RMS_79 02.01.05b.tif , 55.105 , 34.7491 , 44 , 49 , 4.1866 , 1.5059
RMS_79 02.02.04a.tif , 43.2045 , 30.3842 , 32 , 36 , 9.9942 , 2.3676
RMS_79 02.02.05a.tif , 51.5391 , 32.3128 , 41 , 46 , 5.76 , 1.6794
RMS_79 02.02.06a.tif , 55.7957 , 36.1651 , 42 , 47 , 4.1094 , 1.5474
RMS_79 02.02.06b.tif , 53.0259 , 35.1723 , 40 , 45 , 5.0231 , 1.7051
RMS_79 02.02.07b.tif , 44.0567 , 31.6476 , 32 , 39 , 9.1469 , 2.3224
RMS_79 03.01.01a.tif , 55.9792 , 34.2722 , 45 , 50 , 4.5975 , 1.5365
RMS_79 03.01.01b.tif , 61.4856 , 38.5137 , 43 , 52 , 2.6112 , 1.2536
RMS_79 03.01.02a.tif , 58.1143 , 34.8192 , 45 , 51 , 3.8733 , 1.3935
RMS_79 03.01.02b.tif , 61.2722 , 36.3593 , 49 , 55 , 3.0512 , 1.247
RMS_79 03.01.03a.tif , 59.714 , 35.4095 , 48 , 54 , 3.6341 , 1.355
RMS_79 03.01.03b.tif , 55.7543 , 34.5823 , 45 , 50 , 4.5779 , 1.5506
RMS_79 03.01.04b.tif , 59.479 , 35.9358 , 47 , 53 , 3.4815 , 1.3277
RMS_79 03.01.05b.tif , 54.6037 , 33.8839 , 43 , 48 , 4.5422 , 1.5264
RMS_79 03.02.04a.tif , 44.1983 , 30.6743 , 34 , 38 , 9.2312 , 2.2546
RMS_79 03.02.05a.tif , 54.1535 , 33.7205 , 39 , 51 , 4.6564 , 1.5327
RMS_79 03.02.06a.tif , 57.9292 , 37.5178 , 43 , 54 , 3.5193 , 1.4601
RMS_79 03.02.06b.tif , 56.2351 , 36.8052 , 41 , 52 , 4.0127 , 1.5441
RMS_79 03.02.07b.tif , 43.3985 , 31.3952 , 32 , 36 , 9.6154 , 2.3813
RMS_79 04.01.01a.tif , 60.5237 , 35.9858 , 49 , 57 , 3.3842 , 1.3215
RMS_79 04.01.01b.tif , 65.0667 , 39.6265 , 47 , 61 , 2.1448 , 1.1485
RMS_79 04.01.02a.tif , 61.2452 , 36.5073 , 49 , 55 , 2.8812 , 1.2294
RMS_79 04.01.02b.tif , 64.0716 , 37.2002 , 54 , 60 , 2.5007 , 1.137
RMS_79 04.01.03a.tif , 64.0607 , 38.1651 , 51 , 56 , 2.4477 , 1.1679
RMS_79 04.01.03b.tif , 62.5611 , 37.3877 , 48 , 57 , 2.6508 , 1.1929
RMS_79 04.01.04b.tif , 65.1716 , 38.6829 , 49 , 60 , 2.2282 , 1.1251
RMS_79 04.01.05b.tif , 61.4 , 36.3228 , 50 , 55 , 3.1425 , 1.2821
RMS_79 04.02.04a.tif , 46.7154 , 31.4747 , 34 , 41 , 7.8644 , 2.0513
RMS_79 04.02.05a.tif , 56.0669 , 34.04 , 44 , 49 , 4.0956 , 1.4311
RMS_79 04.02.06a.tif , 58.6448 , 36.5656 , 47 , 53 , 3.5718 , 1.4021
RMS_79 04.02.06b.tif , 58.5092 , 36.9179 , 45 , 50 , 3.5822 , 1.4415
RMS_79 04.02.07b.tif , 47.7214 , 32.2176 , 35 , 42 , 7.4343 , 2.0285
RMS_79 Neocortex 1c.tif , 66.3229 , 44.1219 , 50 , 59 , 1.2735 , 0.9902
RMS_79 Neocortex 2c.tif , 74.5223 , 46.027 , 51 , 68 , 0.5717 , 0.7885
RMS_79 Neocortex 3c.tif , 73.0457 , 45.7039 , 47 , 68 , 0.5584 , 0.8022
